;0;1016;1034;1035;1041;1045;1061;1062;1065;1067;1068;1082;1115;1123;1176;1187;1204;1236;1313
0;0.0;62.89076616245303;88.20362695829631;64.64109615582692;40.26726849291139;70.32379098101302;137.5733078776387;139.95382583774378;198.40976159964185;78.16863680262016;82.4495056621836;79.01870054105514;108.98507870754142;56.92044710416279;51.16522466933009;81.80949072065155;198.07636984341417;55.5343086706901;125.08674008878064
1016;62.89076616245303;0.0;105.63709328295471;104.41812658793458;85.5518549772471;132.22005241067612;75.87950005132348;77.38221891094939;137.1808593788942;60.94209117706593;60.60407400919705;60.7476770091753;48.27248216189947;37.99958850201965;92.37341498955975;143.65609156748897;136.9369522384105;111.5791652253227;71.1018226946902
1034;88.20362695829631;105.63709328295471;0.0;38.11982098739395;127.23608157348761;127.8820855920736;148.22433756111005;155.70711081946985;196.80033377937949;53.99954247711132;58.72967101601653;155.14617790407127;148.2795459107766;128.73788189556583;44.212411579064685;136.60319035292335;196.0646473990666;71.20374374651468;118.1941667455486
1035;64.64109615582692;104.41812658793458;38.11982098739395;0.0;98.92245306540637;90.51021530142248;163.37857652787247;169.23016218942377;218.05399613096432;72.52309199755787;78.30953554835507;141.27949826916844;151.8844623025938;116.41567626029124;13.653266982654587;98.80200377786542;217.4419226030476;33.14977119334003;138.28834539788707
1041;40.26726849291139;85.5518549772471;127.23608157348761;98.92245306540637;0.0;58.19957430632335;160.6772639121791;160.83080399370337;221.88132585207694;116.8030074224533;120.55916557152233;69.16160088612153;122.68472368396408;59.70452428642958;86.56182617949898;68.03234097867822;221.70727513604254;78.54753466293113;155.16681641904023
1045;70.32379098101302;132.22005241067612;127.8820855920736;90.51021530142248;58.19957430632335;0.0;207.6623018096255;209.6012910263545;268.65771983382797;141.35412525746102;146.5559976193864;127.33282989134544;175.58463039039398;115.1876540983657;84.25751600396335;11.487161565203655;268.33784915089643;57.946137214782496;194.93075380086856
1061;137.5733078776387;75.87950005132348;148.22433756111005;163.37857652787247;160.6772639121791;207.6623018096255;0.0;9.944063058184167;61.317767065595056;94.46611345762058;89.50586312507836;115.95445909852137;48.15797076805438;105.16300257865934;154.45432647856913;219.13624272972746;61.096350051086574;179.80998725855835;34.58634539096162
1062;139.95382583774378;77.38221891094939;155.70711081946985;169.23016218942377;160.83080399370337;209.6012910263545;9.944063058184167;0.0;61.566076153057644;101.750755400016;97.01423897353976;112.41358489029717;43.52196127783721;103.79767739206842;159.79213393924226;221.03825255759577;61.51389662651212;184.23512303570146;44.2223851562916
1065;198.40976159964185;137.1808593788942;196.80033377937949;218.05399613096432;221.88132585207694;268.65771983382797;61.317767065595056;61.566076153057644;0.0;145.9798281322031;140.34719467434806;173.04270249161723;104.08701857732665;165.3591422147145;210.6785482713518;280.14204262407293;1.054059811873211;237.83530547339055;79.78996326466518
1067;78.16863680262016;60.94209117706593;53.99954247711132;72.52309199755787;116.8030074224533;141.35412525746102;94.46611345762058;101.750755400016;145.9798281322031;0.0;5.82156304795716;119.39227851918632;96.90165904215648;93.69127426885102;66.975759359669;152.2103247368463;145.33036226678928;96.68025832563939;66.24707387016453
1068;82.4495056621836;60.60407400919705;58.72967101601653;78.30953554835507;120.55916557152233;146.5559976193864;89.50586312507836;97.01423897353976;140.34719467434806;5.82156304795716;0.0;120.04666509778387;94.10279036142846;94.73570163411136;72.7860003279443;157.47474431250532;139.68930520309794;102.43363431737241;60.67549075170986
1082;79.01870054105514;60.7476770091753;155.14617790407127;141.27949826916844;69.16160088612153;127.33282989134544;115.95445909852137;112.41358489029717;173.04270249161723;119.39227851918632;120.04666509778387;0.0;69.03365144379298;26.50969483960075;127.65195191510895;137.14745761151937;173.13261031861813;134.0706751565807;124.9574566227346
1115;108.98507870754142;48.27248216189947;148.2795459107766;151.8844623025938;122.68472368396408;175.58463039039398;48.15797076805438;43.52196127783721;104.08701857732665;96.90165904215648;94.10279036142846;69.03365144379298;0.0;63.44949520621324;140.26195443459406;186.76840357676335;104.15335650626471;159.74424432471434;66.98376916317991
1123;56.92044710416279;37.99958850201965;128.73788189556583;116.41567626029124;59.70452428642958;115.1876540983657;105.16300257865934;103.79767739206842;165.3591422147145;93.69127426885102;94.73570163411136;26.50969483960075;63.44949520621324;0.0;102.892980410959;125.94867777265539;165.29110579179388;112.42404881369029;107.43669388854913
1176;51.16522466933009;92.37341498955975;44.212411579064685;13.653266982654587;86.56182617949898;84.25751600396335;154.45432647856913;159.79213393924226;210.6785482713518;66.975759359669;72.7860003279443;127.65195191510895;140.26195443459406;102.892980410959;0.0;93.54524191534942;210.11347251857507;30.6261611038228;131.23276369139478
1187;81.80949072065155;143.65609156748897;136.60319035292335;98.80200377786542;68.03234097867822;11.487161565203655;219.13624272972746;221.03825255759577;280.14204262407293;152.2103247368463;157.47474431250532;137.14745761151937;186.76840357676335;125.94867777265539;93.54524191534942;0.0;279.82303054638993;65.7610076592656;206.35147177919856
1204;198.07636984341417;136.9369522384105;196.0646473990666;217.4419226030476;221.70727513604254;268.33784915089643;61.096350051086574;61.51389662651212;1.054059811873211;145.33036226678928;139.68930520309794;173.13261031861813;104.15335650626471;165.29110579179388;210.11347251857507;279.82303054638993;0.0;237.3274624775773;79.16398096373864
1236;55.5343086706901;111.5791652253227;71.20374374651468;33.14977119334003;78.54753466293113;57.946137214782496;179.80998725855835;184.23512303570146;237.83530547339055;96.68025832563939;102.43363431737241;134.0706751565807;159.74424432471434;112.42404881369029;30.6261611038228;65.7610076592656;237.3274624775773;0.0;159.15897874754125
1313;125.08674008878064;71.1018226946902;118.1941667455486;138.28834539788707;155.16681641904023;194.93075380086856;34.58634539096162;44.2223851562916;79.78996326466518;66.24707387016453;60.67549075170986;124.9574566227346;66.98376916317991;107.43669388854913;131.23276369139478;206.35147177919856;79.16398096373864;159.15897874754125;0.0
